header: 
  seq: 6
  stamp: 
    secs: 1432290463
    nsecs: 942018478
  frame_id: laser
angle_min: 3.14159202576
angle_max: 4.71238803864
angle_increment: 0.0314159207046
time_increment: 0.0399999991059
scan_time: 0.019999999553
range_min: 0.10000000149
range_max: 40.0
ranges: [0.75, 0.75, 0.6800000071525574, 0.6899999976158142, 0.5699999928474426, 0.5600000023841858, 0.5299999713897705, 0.5400000214576721, 0.47999998927116394, 0.49000000953674316, 0.46000000834465027, 0.4399999976158142, 0.41999998688697815, 0.41999998688697815, 0.38999998569488525, 0.4000000059604645, 0.36000001430511475, 0.36000001430511475, 0.3499999940395355, 0.3400000035762787, 0.3499999940395355, 0.33000001311302185, 0.33000001311302185, 0.3100000023841858, 0.3100000023841858, 0.3100000023841858, 0.30000001192092896, 0.30000001192092896, 0.30000001192092896, 0.30000001192092896, 0.30000001192092896, 0.28999999165534973, 0.2800000011920929, 0.30000001192092896, 0.30000001192092896, 0.28999999165534973, 0.28999999165534973, 0.30000001192092896, 0.2800000011920929, 0.2800000011920929, 0.2800000011920929, 0.2800000011920929, 0.28999999165534973, 0.30000001192092896, 0.28999999165534973, 0.2800000011920929, 0.28999999165534973, 0.28999999165534973, 0.30000001192092896, 0.28999999165534973]
intensities: []
---
header: 
  seq: 7
  stamp: 
    secs: 1432290470
    nsecs: 627695559
  frame_id: laser
angle_min: 4.71238803864
angle_max: 6.28318405151
angle_increment: 0.0314159207046
time_increment: 0.0399999991059
scan_time: 0.019999999553
range_min: 0.10000000149
range_max: 40.0
ranges: [0.3100000023841858, 0.30000001192092896, 0.30000001192092896, 0.3199999928474426, 0.30000001192092896, 0.3100000023841858, 0.33000001311302185, 0.3199999928474426, 0.33000001311302185, 0.3400000035762787, 0.3400000035762787, 0.3499999940395355, 0.3400000035762787, 0.3400000035762787, 0.3700000047683716, 0.38999998569488525, 0.4000000059604645, 0.38999998569488525, 0.44999998807907104, 0.46000000834465027, 0.46000000834465027, 0.47999998927116394, 0.5, 0.5099999904632568, 0.5400000214576721, 0.5899999737739563, 0.6299999952316284, 0.6200000047683716, 0.6000000238418579, 0.5899999737739563, 0.6499999761581421, 0.6600000262260437, 0.6700000166893005, 0.6899999976158142, 0.7099999785423279, 0.6899999976158142, 0.7099999785423279, 0.7200000286102295, 0.1899999976158142, 2.549999952316284, 2.549999952316284, 2.549999952316284, 2.549999952316284, 2.549999952316284, 1.149999976158142, 1.159999966621399, 1.2300000190734863, 1.2400000095367432, 1.2400000095367432, 1.25]
intensities: []
---
header: 
  seq: 8
  stamp: 
    secs: 1432290477
    nsecs: 592192223
  frame_id: laser
angle_min: 0.0
angle_max: 1.57079601288
angle_increment: 0.0314159207046
time_increment: 0.0399999991059
scan_time: 0.019999999553
range_min: 0.10000000149
range_max: 40.0
ranges: [1.25, 1.2400000095367432, 1.2699999809265137, 1.2799999713897705, 1.340000033378601, 1.340000033378601, 1.3700000047683716, 1.3799999952316284, 1.4199999570846558, 1.399999976158142, 1.4700000286102295, 1.4600000381469727, 1.5399999618530273, 1.5399999618530273, 1.5700000524520874, 0.9599999785423279, 0.9700000286102295, 0.8799999952316284, 0.8600000143051147, 0.8199999928474426, 0.8199999928474426, 0.7799999713897705, 0.7900000214576721, 0.7799999713897705, 0.75, 0.75, 0.7400000095367432, 0.7599999904632568, 0.7400000095367432, 0.7400000095367432, 0.7200000286102295, 0.7099999785423279, 0.7699999809265137, 0.7599999904632568, 3.690000057220459, 3.690000057220459, 3.6700000762939453, 3.6500000953674316, 3.930000066757202, 3.9600000381469727, 0.4000000059604645, 0.36000001430511475, 0.7300000190734863, 0.7300000190734863, 0.7400000095367432, 0.7400000095367432, 0.7300000190734863, 0.7300000190734863, 0.6899999976158142, 0.5799999833106995]
intensities: []
---
